2 2
2 114
55 55
55 114
114 114
48 55
48 48
48 53
53 55
53 53
83 83
83 84
83 96
84 84
84 107
96 96
96 97
97 97
46 46
46 107
46 111
46 112
107 107
111 111
111 112
112 112
32 32
32 104
32 105
32 41
104 104
104 105
105 105
41 41
33 104
33 33
33 34
33 90
34 34
34 117
100 100
100 101
100 117
100 118
101 101
101 117
101 118
117 117
117 118
118 118
118 119
119 119
15 104
15 15
15 16
15 92
16 100
16 16
16 64
92 104
92 92
64 100
64 64
89 89
89 90
90 104
90 90
17 17
17 44
17 72
44 44
44 72
72 72
12 12
12 47
12 95
35 35
35 47
35 108
47 47
47 95
108 108
95 95
71 71
71 76
76 76
13 13
13 14
13 58
13 59
14 14
14 58
14 59
14 106
58 58
58 59
58 66
59 59
59 65
59 60
62 62
62 106
106 106
65 65
65 66
65 67
66 66
66 67
67 67
60 65
60 60
60 61
61 67
61 61
51 51
51 52
52 52
52 54
54 54
19 19
19 56
19 57
19 78
56 56
56 57
57 57
78 78
49 56
49 49
49 50
50 50
1 1
1 43
1 3
43 43
3 3
42 43
42 42
28 28
28 29
28 40
29 29
40 40
0 0
4 4
4 70
70 70
5 5
6 6
7 7
7 21
21 21
8 8
9 9
10 10
11 11
18 18
20 20
22 22
22 37
37 37
23 23
23 79
79 79
24 24
25 25
26 26
26 27
27 27
30 30
31 31
31 103
103 103
36 36
38 38
38 115
115 115
39 39
45 45
63 63
68 68
69 69
73 73
73 74
74 74
75 75
77 77
80 80
81 81
82 82
85 85
85 86
86 86
87 87
87 88
88 88
91 91
93 93
93 94
94 94
98 98
99 99
102 102
109 109
110 110
113 113
116 116
