/
15,25.81,2.07
16,25.81,1.99
32,30.16,2.39
33,24.93,2.04
34,24.92,2.93
41,20.13,2.4
64,20.86,1.98
89,46.96,2.58
90,46.92,2.03
92,42.59,2.07
100,34.12,1.98
101,34.12,2.47
104,30.31,2.05
105,30.31,1.9
117,34.06,2.92
118,34.06,1.25
119,24.66,1.26
/
13,39.74,2.09
14,39.55,1.68
58,39.73,1.47
59,39.57,1.6
60,33.24,1.61
61,33.15,2.01
62,29.03,1.03
65,19.34,1.6
66,19.34,1.48
67,19.19,2.02
106,29.18,1.67
/
46,28.52,1.43
83,60.27,2.88
84,60.23,2.17
96,38.43,2.88
97,38.41,2.69
107,28.66,2.16
111,18.48,1.42
112,15.93,1.44
/
19,125.12,8.17
49,137.3,6.65
50,137.25,6.37
56,125.06,6.65
57,125.02,6.35
78,81.05,8.17
/
12,40.6,2.26
35,15.71,1.76
47,15.54,2.25
95,39.95,2.26
108,26.64,1.77
/
2,129.85,7.25
48,138.0,6.15
53,130.95,6.15
55,126.57,6.15
114,126.57,7.25
/
1,131.47,7.55
3,129.38,7.54
42,137.73,7.39
43,131.4,7.39
/
17,144.42,6.93
44,119.58,6.92
72,121.29,6.92
/
28,53.38,4.21
29,53.38,3.78
40,61.57,4.21
/
51,132.5,6.25
52,132.45,6.62
54,130.05,6.63
/
4,126.14,7.94
70,126.28,7.13
/
7,117.99,7.59
21,118.18,5.93
/
22,105.02,8.07
37,104.97,7.03
/
26,53.88,3.76
27,53.88,3.63
/
71,123.94,5.73
76,115.99,5.73
/
73,118.93,4.77
74,118.92,4.95
/
23,75.68,6.45
79,75.68,4.09
/
85,52.36,2.79
86,52.36,3.0
/
87,49.73,3.19
88,49.62,3.47
/
93,41.6,2.3
94,41.59,2.5
/
31,31.96,2.64
103,32.08,2.42
/
38,77.25,7.29
115,77.25,7.27
/
0,134.09,7.71
/
5,125.88,8.25
/
6,125.59,7.42
/
8,115.74,6.97
/
9,107.59,6.84
/
10,64.44,4.03
/
11,59.91,3.09
/
18,135.09,8.84
/
20,122.13,8.39
/
24,63.5,3.93
/
25,59.29,4.75
/
30,43.8,3.12
/
36,110.52,6.08
/
39,62.37,4.07
/
45,51.58,9.88
/
63,21.92,1.71
/
68,12.83,1.97
/
69,128.92,5.89
/
75,116.33,5.95
/
77,83.23,6.68
/
80,72.83,4.85
/
81,63.02,2.0
/
82,62.82,2.54
/
91,45.92,1.88
/
98,35.46,3.21
/
99,34.46,2.2
/
102,32.53,3.72
/
109,26.12,2.37
/
110,22.58,1.83
/
113,127.55,7.31
/
116,65.38,4.67
